initial：
area =  12670605213472.27
paras : -1.1616919341639637e-14 2.2032449344215808e-14 4.002973745250968e-15 1.441866058105472e-06

best:
area =  83131642198559.03
paras : 1.0398648122235256e-15 -4.961861258492676e-15 3.0000000000000005e-14 1.957603239302756e-06